[gd_scene load_steps=26 format=3 uid="uid://cipq8ioqu1v4m"]

[ext_resource type="PackedScene" uid="uid://dbycwfj8613ho" path="res://PJ-Jump/KayKit_Adventurers_1.0_FREE/KayKit_Adventurers_1.0_FREE/Characters/gltf/Knight.glb" id="1_7cv7y"]
[ext_resource type="Script" uid="uid://d5kpyrsocrru" path="res://knight.gd" id="2_h3pi2"]
[ext_resource type="AudioStream" uid="uid://ysxpjdsnff8a" path="res://toy-button-105724.mp3" id="3_6x5gq"]
[ext_resource type="PackedScene" uid="uid://be376gsg8ytqu" path="res://PJ-Jump/KayKit_Adventurers_1.0_FREE/KayKit_Adventurers_1.0_FREE/Shotgun.glb" id="3_h3pi2"]
[ext_resource type="AudioStream" uid="uid://dipk2wf4wxukd" path="res://landing_sfx-1.mp3" id="4_eu2mi"]
[ext_resource type="AudioStream" uid="uid://bqoqxl7cxo5xf" path="res://knife_sfx-2.mp3" id="5_1uur8"]
[ext_resource type="Script" uid="uid://bsnef6hlfo54f" path="res://pause_menu.gd" id="6_ep7mg"]
[ext_resource type="AudioStream" uid="uid://do8x7hhbuxry2" path="res://ShotgunSFX.mp3" id="8_6x5gq"]

[sub_resource type="AnimationNodeAnimation" id="AnimationNodeAnimation_7cv7y"]
animation = &"Idle"

[sub_resource type="AnimationNodeAnimation" id="AnimationNodeAnimation_h3pi2"]
animation = &"Running_A"

[sub_resource type="AnimationNodeAnimation" id="AnimationNodeAnimation_6x5gq"]
animation = &"Running_Strafe_Left"

[sub_resource type="AnimationNodeAnimation" id="AnimationNodeAnimation_eu2mi"]
animation = &"Running_Strafe_Right"

[sub_resource type="AnimationNodeAnimation" id="AnimationNodeAnimation_1uur8"]
animation = &"Walking_Backwards"

[sub_resource type="AnimationNodeBlendSpace2D" id="AnimationNodeBlendSpace2D_ep7mg"]
blend_point_0/node = SubResource("AnimationNodeAnimation_7cv7y")
blend_point_0/pos = Vector2(0, 0)
blend_point_1/node = SubResource("AnimationNodeAnimation_h3pi2")
blend_point_1/pos = Vector2(0, 0.9)
blend_point_2/node = SubResource("AnimationNodeAnimation_6x5gq")
blend_point_2/pos = Vector2(-1, 0)
blend_point_3/node = SubResource("AnimationNodeAnimation_eu2mi")
blend_point_3/pos = Vector2(1, 0)
blend_point_4/node = SubResource("AnimationNodeAnimation_1uur8")
blend_point_4/pos = Vector2(0, -0.9)

[sub_resource type="AnimationNodeAnimation" id="AnimationNodeAnimation_7woc6"]
animation = &"Jump_Idle"

[sub_resource type="AnimationNodeAnimation" id="AnimationNodeAnimation_nabqu"]
animation = &"Jump_Land"

[sub_resource type="AnimationNodeAnimation" id="AnimationNodeAnimation_ttilu"]
animation = &"Jump_Start"

[sub_resource type="AnimationNodeStateMachineTransition" id="AnimationNodeStateMachineTransition_2yhar"]
switch_mode = 2
advance_mode = 2

[sub_resource type="AnimationNodeStateMachineTransition" id="AnimationNodeStateMachineTransition_6j7tr"]
advance_mode = 2
advance_condition = &"grounded"

[sub_resource type="AnimationNodeStateMachineTransition" id="AnimationNodeStateMachineTransition_q01if"]
advance_mode = 2

[sub_resource type="AnimationNodeStateMachineTransition" id="AnimationNodeStateMachineTransition_0m85o"]
advance_mode = 2
advance_condition = &"jumping"

[sub_resource type="AnimationNodeStateMachineTransition" id="AnimationNodeStateMachineTransition_tf46w"]

[sub_resource type="AnimationNodeStateMachineTransition" id="AnimationNodeStateMachineTransition_c1cqu"]
switch_mode = 2
advance_mode = 2

[sub_resource type="AnimationNodeStateMachine" id="AnimationNodeStateMachine_hnm0a"]
states/IWR/node = SubResource("AnimationNodeBlendSpace2D_ep7mg")
states/IWR/position = Vector2(480.757, 124)
states/Jump_Idle/node = SubResource("AnimationNodeAnimation_7woc6")
states/Jump_Idle/position = Vector2(486, 290)
states/Jump_Land/node = SubResource("AnimationNodeAnimation_nabqu")
states/Jump_Land/position = Vector2(717, 280)
states/Jump_Start/node = SubResource("AnimationNodeAnimation_ttilu")
states/Jump_Start/position = Vector2(262, 290)
transitions = ["Jump_Start", "Jump_Idle", SubResource("AnimationNodeStateMachineTransition_2yhar"), "Jump_Idle", "Jump_Land", SubResource("AnimationNodeStateMachineTransition_6j7tr"), "Start", "IWR", SubResource("AnimationNodeStateMachineTransition_q01if"), "IWR", "Jump_Start", SubResource("AnimationNodeStateMachineTransition_0m85o"), "IWR", "Jump_Idle", SubResource("AnimationNodeStateMachineTransition_tf46w"), "Jump_Land", "IWR", SubResource("AnimationNodeStateMachineTransition_c1cqu")]
graph_offset = Vector2(-161.699, 0)

[sub_resource type="CylinderShape3D" id="CylinderShape3D_y3qlt"]
height = 2.4

[node name="Knight" instance=ExtResource("1_7cv7y")]
script = ExtResource("2_h3pi2")

[node name="TwistPivot" type="Node3D" parent="." index="0"]

[node name="PitchPivot" type="Node3D" parent="TwistPivot" index="0"]
transform = Transform3D(1, 0, 0, 0, 0.866025, 0.5, 0, -0.5, 0.866025, 0, 0, 0)

[node name="Camera3D" type="Camera3D" parent="TwistPivot/PitchPivot" index="0"]
transform = Transform3D(1, 0, 0, 0, 1, 0, 0, 0, 1, 0, 1, 4)
current = true

[node name="Skeleton3D" parent="Rig" index="0"]
transform = Transform3D(-1, 0, -8.74228e-08, 0, 1, 0, 8.74228e-08, 0, -1, 0, 0, 0)
bones/0/rotation = Quaternion(-2.72263e-09, 0.0791169, 4.71573e-09, 0.996865)
bones/1/position = Vector3(-1.84341e-16, 0.395518, -4.39503e-23)
bones/1/rotation = Quaternion(0.0141973, 0.0356072, -0.011054, 0.999204)
bones/2/rotation = Quaternion(0.0210814, -0.0447238, 0.00895047, 0.998737)
bones/3/rotation = Quaternion(0.0115972, -0.0239387, 0.00894633, 0.999606)
bones/4/position = Vector3(0.208207, 0.130786, -0.00639738)
bones/4/rotation = Quaternion(-0.611575, -0.0716085, -0.563987, 0.550243)
bones/5/rotation = Quaternion(3.39891e-08, -4.915e-08, -0.537463, 0.843288)
bones/7/rotation = Quaternion(-0.296553, -0.346253, 0.130947, 0.880351)
bones/8/position = Vector3(9.85064e-09, 0.0961252, -0.0575)
bones/8/rotation = Quaternion(-0.00584774, 0.014909, -0.672126, 0.740264)
bones/14/position = Vector3(-0.211931, 0.132651, -0.00740335)
bones/14/rotation = Quaternion(-0.635424, 0.154761, 0.619889, 0.433617)
bones/15/rotation = Quaternion(2.02416e-08, 5.06646e-08, 0.491552, 0.870849)
bones/17/rotation = Quaternion(-0.289119, 0.326605, -0.171545, 0.883353)
bones/18/position = Vector3(-1.3482e-08, 0.0961251, -0.0575)
bones/18/rotation = Quaternion(-0.00907022, 0.0158645, 0.651998, 0.758)
bones/21/rotation = Quaternion(-0.0184889, -0.00380697, 0.0081445, 0.999789)
bones/24/position = Vector3(0.170945, 0.113587, -0.0150543)
bones/24/rotation = Quaternion(0.994838, 0.0754529, 0.0622956, 0.0269155)
bones/25/rotation = Quaternion(0.316214, 6.0087e-08, -2.19431e-07, 0.948688)
bones/26/rotation = Quaternion(-0.499626, -0.18106, 0.0491143, 0.845683)
bones/27/rotation = Quaternion(-1.27288e-08, 0.920355, -0.391084, 7.6454e-08)
bones/28/position = Vector3(-0.170945, 0.113587, 0.0150544)
bones/28/rotation = Quaternion(0.992219, -0.0192462, 0.0270593, 0.119995)
bones/29/rotation = Quaternion(0.263744, -6.6871e-08, 1.8042e-07, 0.964593)
bones/30/rotation = Quaternion(-0.564808, 0.0990222, -0.0113718, 0.819181)
bones/31/rotation = Quaternion(2.91191e-08, 0.920355, -0.391084, -7.00495e-08)
bones/32/position = Vector3(0.170945, 0.292606, 0.576108)
bones/32/rotation = Quaternion(0.707107, -2.30896e-07, -4.44614e-08, 0.707107)
bones/33/position = Vector3(0.197457, 0.0429785, 0.102236)
bones/33/rotation = Quaternion(-0.594056, -8.14913e-08, -5.99119e-08, 0.804424)
bones/34/position = Vector3(1.72042e-08, 0.362833, -2.42861e-15)
bones/34/rotation = Quaternion(6.19586e-09, 8.27295e-11, 0.989706, -0.143117)
bones/35/position = Vector3(-2.37954e-08, 0.213436, -4.38926e-09)
bones/35/rotation = Quaternion(-1.02576e-07, 0.391084, 0.920355, -3.08996e-08)
bones/36/position = Vector3(8.58988e-09, 0.16565, -2.81527e-09)
bones/37/rotation = Quaternion(1, -4.17164e-09, 1.9912e-07, 2.81742e-10)
bones/39/position = Vector3(-0.170945, 0.292606, 0.576108)
bones/39/rotation = Quaternion(0.707107, -3.98323e-08, 1.46602e-07, 0.707107)
bones/40/position = Vector3(-0.170945, 0.0747923, 0.298983)
bones/40/rotation = Quaternion(-0.753534, -6.52726e-08, -7.5634e-08, 0.657409)
bones/41/rotation = Quaternion(-3.86245e-09, 4.51909e-10, 0.99626, 0.0864064)
bones/42/position = Vector3(-6.64032e-09, 0.213436, 3.24511e-09)
bones/42/rotation = Quaternion(-1.04769e-07, 0.391084, 0.920355, -2.62431e-08)
bones/43/position = Vector3(-6.31127e-09, 0.16565, -2.24739e-09)
bones/44/rotation = Quaternion(1, 3.44723e-09, 1.95319e-07, 6.32361e-09)
bones/46/position = Vector3(0.54947, 1.04626, -0.494756)
bones/46/rotation = Quaternion(-0.70686, -0.0186654, -0.0186654, 0.70686)
bones/47/position = Vector3(0.500505, 0.804232, 0.0300879)
bones/47/rotation = Quaternion(0.801407, 0.084871, 0.590205, 0.0469222)
bones/48/position = Vector3(-0.41639, 1.07651, -0.619693)
bones/48/rotation = Quaternion(-0.70686, -0.0186654, -0.0186654, 0.70686)
bones/49/position = Vector3(-0.511636, 0.804232, 0.0449102)
bones/49/rotation = Quaternion(-0.797733, 0.0620332, 0.599751, 0.00850078)

[node name="1H_Sword_Offhand" parent="Rig/Skeleton3D" index="0"]
transform = Transform3D(-0.134946, 0.344768, 0.928936, 0.989337, -0.00495126, 0.145558, 0.0547835, 0.938674, -0.340424, 0.564821, 0.685712, -0.0026225)
visible = false

[node name="Badge_Shield" parent="Rig/Skeleton3D" index="1"]
transform = Transform3D(-0.134946, 0.344768, 0.928936, 0.989336, -0.0049538, 0.145559, 0.0547861, 0.938674, -0.340424, 0.709629, 0.708402, -0.0556896)
visible = false

[node name="Rectangle_Shield" parent="Rig/Skeleton3D" index="2"]
transform = Transform3D(-0.134946, 0.344768, 0.928936, 0.989336, -0.0049538, 0.145559, 0.0547861, 0.938674, -0.340424, 0.709629, 0.708402, -0.0556896)
visible = false

[node name="Round_Shield" parent="Rig/Skeleton3D" index="3"]
transform = Transform3D(-0.134946, 0.344768, 0.928936, 0.989336, -0.0049538, 0.145559, 0.0547861, 0.938674, -0.340424, 0.709629, 0.708402, -0.0556896)
visible = false

[node name="Spike_Shield" parent="Rig/Skeleton3D" index="4"]
transform = Transform3D(-0.134946, 0.344768, 0.928936, 0.989336, -0.0049538, 0.145559, 0.0547861, 0.938674, -0.340424, 0.709629, 0.708402, -0.0556896)
visible = false

[node name="1H_Sword" parent="Rig/Skeleton3D" index="5"]
transform = Transform3D(0.00965847, -0.151531, 0.988404, 0.999649, 0.025796, -0.00581394, -0.0246155, 0.988115, 0.151728, -0.502295, 0.648206, 0.223202)
visible = false

[node name="2H_Sword" parent="Rig/Skeleton3D" index="6"]
transform = Transform3D(0.00965846, -0.151531, 0.988404, 0.999649, 0.025796, -0.00581393, -0.0246155, 0.988115, 0.151728, -0.502295, 0.648206, 0.223202)

[node name="2H_Sword" parent="Rig/Skeleton3D/2H_Sword" index="0"]
visible = false

[node name="Shotgun" parent="Rig/Skeleton3D/2H_Sword" index="1" instance=ExtResource("3_h3pi2")]
transform = Transform3D(-2.62268e-08, 0.6, 0, 2.62268e-08, 1.14641e-15, -0.6, -0.6, -2.62268e-08, -2.62268e-08, 0, 1, 0)

[node name="Knight_Helmet" parent="Rig/Skeleton3D" index="7"]
transform = Transform3D(0.996425, -0.0172716, 0.082703, 0.0219791, 0.998169, -0.0563529, -0.0815782, 0.0579692, 0.99498, 0.012718, 1.20356, 0.0537353)

[node name="Knight_Cape" parent="Rig/Skeleton3D" index="8"]
transform = Transform3D(0.995888, 0.00216246, 0.0905686, 0.00630632, 0.995635, -0.0931162, -0.0903747, 0.0933045, 0.991527, 0.0122213, 1.20363, 0.0528331)

[node name="AnimationTree" type="AnimationTree" parent="." index="3"]
tree_root = SubResource("AnimationNodeStateMachine_hnm0a")
anim_player = NodePath("../AnimationPlayer")
parameters/conditions/grounded = false
parameters/conditions/jumping = false
parameters/IWR/blend_position = Vector2(-0.15126, 0)

[node name="jump_sfx" type="AudioStreamPlayer2D" parent="." index="4"]
stream = ExtResource("3_6x5gq")

[node name="CollisionShape3D" type="CollisionShape3D" parent="." index="5"]
transform = Transform3D(1, 0, 0, 0, 1, 0, 0, 0, 1, 0, 1.2, 0)
shape = SubResource("CylinderShape3D_y3qlt")

[node name="Landing_sfx" type="AudioStreamPlayer3D" parent="." index="6"]
stream = ExtResource("4_eu2mi")

[node name="ShotgunSfx" type="AudioStreamPlayer3D" parent="." index="7"]
stream = ExtResource("8_6x5gq")

[node name="Full_Charge_sfx" type="AudioStreamPlayer2D" parent="." index="8"]
stream = ExtResource("5_1uur8")

[node name="PauseMenu" type="CanvasLayer" parent="." index="9"]
process_mode = 2
script = ExtResource("6_ep7mg")

[node name="Panel" type="ColorRect" parent="PauseMenu" index="0"]
offset_left = 195.0
offset_top = 120.0
offset_right = 1125.0
offset_bottom = 545.0
color = Color(0.32, 0.32, 0.32, 0)

[node name="Volume" type="Label" parent="PauseMenu/Panel" index="0"]
layout_mode = 1
anchors_preset = -1
anchor_right = 4.25
anchor_bottom = 1.675
offset_left = 173.0
offset_top = 204.0
offset_right = -3720.5
offset_bottom = -484.875
text = "Volume"

[node name="Mouse sensitivity" type="Label" parent="PauseMenu/Panel" index="1"]
layout_mode = 0
offset_left = 138.0
offset_top = 146.0
offset_right = 272.0
offset_bottom = 169.0
text = "Mouse sensitivity"

[node name="MouseSlider" type="HSlider" parent="PauseMenu/Panel" index="2"]
layout_mode = 0
offset_left = 338.0
offset_top = 154.0
offset_right = 721.0
offset_bottom = 170.0
min_value = 0.001
max_value = 0.01
step = 0.001
value = 0.001

[node name="VolumeSlider" type="HSlider" parent="PauseMenu/Panel" index="3"]
layout_mode = 0
offset_left = 353.0
offset_top = 209.0
offset_right = 724.0
offset_bottom = 232.0
max_value = 1.0
step = 0.01

[node name="ConfirmButton" type="Button" parent="PauseMenu/Panel" index="4"]
layout_mode = 0
offset_left = 363.0
offset_top = 308.0
offset_right = 434.0
offset_bottom = 339.0
text = "Confirm"
